2.000000000000000000e+00 1.500000000000000000e+02 2.520000000000000000e+02
1.000000000000000000e+00 1.520000000000000000e+02 2.520000000000000000e+02
1.000000000000000000e+00 1.470000000000000000e+02 2.520000000000000000e+02
4.000000000000000000e+00 1.390000000000000000e+02 2.500000000000000000e+02
4.000000000000000000e+00 1.380000000000000000e+02 2.500000000000000000e+02
3.000000000000000000e+00 1.300000000000000000e+02 2.460000000000000000e+02
4.000000000000000000e+00 1.330000000000000000e+02 2.500000000000000000e+02
3.000000000000000000e+00 1.380000000000000000e+02 2.500000000000000000e+02
3.000000000000000000e+00 1.390000000000000000e+02 2.490000000000000000e+02
3.000000000000000000e+00 1.380000000000000000e+02 2.500000000000000000e+02
3.000000000000000000e+00 1.380000000000000000e+02 2.500000000000000000e+02
3.000000000000000000e+00 1.370000000000000000e+02 2.480000000000000000e+02
3.000000000000000000e+00 1.450000000000000000e+02 2.510000000000000000e+02
3.000000000000000000e+00 1.450000000000000000e+02 2.510000000000000000e+02
2.000000000000000000e+00 1.440000000000000000e+02 2.510000000000000000e+02
3.000000000000000000e+00 1.440000000000000000e+02 2.510000000000000000e+02
3.000000000000000000e+00 1.470000000000000000e+02 2.510000000000000000e+02
2.000000000000000000e+00 1.450000000000000000e+02 2.500000000000000000e+02
4.000000000000000000e+00 1.460000000000000000e+02 2.510000000000000000e+02
3.000000000000000000e+00 1.470000000000000000e+02 2.510000000000000000e+02
3.000000000000000000e+00 1.380000000000000000e+02 2.490000000000000000e+02
4.000000000000000000e+00 1.480000000000000000e+02 2.510000000000000000e+02
3.000000000000000000e+00 1.480000000000000000e+02 2.500000000000000000e+02
2.000000000000000000e+00 1.440000000000000000e+02 2.500000000000000000e+02
4.000000000000000000e+00 1.480000000000000000e+02 2.510000000000000000e+02
4.000000000000000000e+00 1.530000000000000000e+02 2.510000000000000000e+02
3.000000000000000000e+00 1.470000000000000000e+02 2.500000000000000000e+02
3.000000000000000000e+00 1.440000000000000000e+02 2.510000000000000000e+02
3.000000000000000000e+00 1.450000000000000000e+02 2.510000000000000000e+02
3.000000000000000000e+00 1.450000000000000000e+02 2.500000000000000000e+02
2.000000000000000000e+00 1.410000000000000000e+02 2.500000000000000000e+02
1.900000000000000000e+01 6.500000000000000000e+01 7.200000000000000000e+01
3.000000000000000000e+00 1.470000000000000000e+02 2.510000000000000000e+02
3.000000000000000000e+00 1.470000000000000000e+02 2.500000000000000000e+02
2.000000000000000000e+00 1.440000000000000000e+02 2.500000000000000000e+02
1.900000000000000000e+01 8.500000000000000000e+01 1.040000000000000000e+02
8.000000000000000000e+00 9.800000000000000000e+01 1.620000000000000000e+02
7.000000000000000000e+00 1.600000000000000000e+02 2.500000000000000000e+02
3.000000000000000000e+00 1.490000000000000000e+02 2.510000000000000000e+02
3.000000000000000000e+00 1.530000000000000000e+02 2.510000000000000000e+02
2.000000000000000000e+00 1.540000000000000000e+02 2.510000000000000000e+02
3.000000000000000000e+00 1.450000000000000000e+02 2.510000000000000000e+02
7.100000000000000000e+01 1.870000000000000000e+02 2.510000000000000000e+02
1.140000000000000000e+02 1.890000000000000000e+02 2.500000000000000000e+02
3.000000000000000000e+00 1.480000000000000000e+02 2.510000000000000000e+02
3.000000000000000000e+00 1.500000000000000000e+02 2.510000000000000000e+02
2.000000000000000000e+00 1.440000000000000000e+02 2.500000000000000000e+02
3.000000000000000000e+00 1.480000000000000000e+02 2.510000000000000000e+02
3.000000000000000000e+00 1.480000000000000000e+02 2.510000000000000000e+02
2.000000000000000000e+00 1.480000000000000000e+02 2.500000000000000000e+02
3.000000000000000000e+00 1.430000000000000000e+02 2.510000000000000000e+02
3.000000000000000000e+00 1.480000000000000000e+02 2.510000000000000000e+02
2.000000000000000000e+00 1.460000000000000000e+02 2.500000000000000000e+02
3.000000000000000000e+00 1.460000000000000000e+02 2.510000000000000000e+02
8.600000000000000000e+01 1.970000000000000000e+02 2.510000000000000000e+02
2.000000000000000000e+00 1.430000000000000000e+02 2.500000000000000000e+02
3.000000000000000000e+00 1.490000000000000000e+02 2.510000000000000000e+02
3.000000000000000000e+00 1.490000000000000000e+02 2.510000000000000000e+02
2.000000000000000000e+00 1.460000000000000000e+02 2.500000000000000000e+02
3.000000000000000000e+00 1.480000000000000000e+02 2.510000000000000000e+02
2.000000000000000000e+00 1.470000000000000000e+02 2.500000000000000000e+02
2.000000000000000000e+00 1.450000000000000000e+02 2.500000000000000000e+02
3.000000000000000000e+00 1.530000000000000000e+02 2.510000000000000000e+02
2.000000000000000000e+00 1.530000000000000000e+02 2.510000000000000000e+02
6.000000000000000000e+00 1.530000000000000000e+02 2.500000000000000000e+02
2.100000000000000000e+01 6.600000000000000000e+01 7.200000000000000000e+01
2.000000000000000000e+00 1.490000000000000000e+02 2.510000000000000000e+02
3.000000000000000000e+00 1.530000000000000000e+02 2.510000000000000000e+02
1.630000000000000000e+02 2.230000000000000000e+02 2.520000000000000000e+02
1.800000000000000000e+01 5.900000000000000000e+01 6.200000000000000000e+01
3.000000000000000000e+00 1.410000000000000000e+02 2.510000000000000000e+02
2.000000000000000000e+00 1.510000000000000000e+02 2.510000000000000000e+02
3.000000000000000000e+00 1.530000000000000000e+02 2.510000000000000000e+02
2.000000000000000000e+00 1.550000000000000000e+02 2.510000000000000000e+02
3.000000000000000000e+00 1.510000000000000000e+02 2.510000000000000000e+02
2.000000000000000000e+00 1.490000000000000000e+02 2.510000000000000000e+02
3.000000000000000000e+00 1.410000000000000000e+02 2.510000000000000000e+02
3.000000000000000000e+00 1.420000000000000000e+02 2.510000000000000000e+02
2.000000000000000000e+00 1.450000000000000000e+02 2.510000000000000000e+02
2.000000000000000000e+00 1.410000000000000000e+02 2.490000000000000000e+02
3.000000000000000000e+00 1.440000000000000000e+02 2.510000000000000000e+02
2.000000000000000000e+00 1.450000000000000000e+02 2.510000000000000000e+02
2.000000000000000000e+00 1.400000000000000000e+02 2.490000000000000000e+02
3.000000000000000000e+00 1.450000000000000000e+02 2.510000000000000000e+02
3.000000000000000000e+00 1.490000000000000000e+02 2.510000000000000000e+02
2.000000000000000000e+00 1.480000000000000000e+02 2.510000000000000000e+02
3.000000000000000000e+00 1.520000000000000000e+02 2.510000000000000000e+02
3.000000000000000000e+00 1.500000000000000000e+02 2.510000000000000000e+02
1.010000000000000000e+02 2.010000000000000000e+02 2.450000000000000000e+02
2.000000000000000000e+00 1.520000000000000000e+02 2.510000000000000000e+02
2.000000000000000000e+00 1.540000000000000000e+02 2.510000000000000000e+02
2.000000000000000000e+00 1.520000000000000000e+02 2.510000000000000000e+02
6.000000000000000000e+00 1.560000000000000000e+02 2.500000000000000000e+02
1.200000000000000000e+01 1.010000000000000000e+02 1.580000000000000000e+02
2.000000000000000000e+00 1.430000000000000000e+02 2.500000000000000000e+02
3.000000000000000000e+00 1.570000000000000000e+02 2.510000000000000000e+02
3.000000000000000000e+00 1.560000000000000000e+02 2.490000000000000000e+02
4.000000000000000000e+00 1.470000000000000000e+02 2.470000000000000000e+02
2.000000000000000000e+00 1.530000000000000000e+02 2.510000000000000000e+02
1.000000000000000000e+00 1.510000000000000000e+02 2.510000000000000000e+02
2.000000000000000000e+00 1.540000000000000000e+02 2.510000000000000000e+02
2.000000000000000000e+00 1.550000000000000000e+02 2.510000000000000000e+02
3.000000000000000000e+00 1.500000000000000000e+02 2.510000000000000000e+02
3.000000000000000000e+00 1.540000000000000000e+02 2.510000000000000000e+02
2.000000000000000000e+00 1.480000000000000000e+02 2.500000000000000000e+02
2.000000000000000000e+00 1.470000000000000000e+02 2.510000000000000000e+02
2.000000000000000000e+00 1.480000000000000000e+02 2.510000000000000000e+02
1.260000000000000000e+02 2.110000000000000000e+02 2.500000000000000000e+02
